0 0
2454 2
2454 4
2454 5
2454 2
2454 6
2454 5
2454 9
2454 7
2454 10
2454 10
2454 7
2454 10
2454 11
2454 8
2454 14
2454 12
2454 12
2454 9
2454 12
2454 8
2454 13
2454 13
2454 13
2454 13
2454 11
2454 13
2454 14
2454 9
2454 15
2454 19
2454 11
2454 7
2454 8
2454 10
2454 11
2454 16
2454 18
2454 12
2454 8
2454 18
2454 13
2454 10
2454 18
2454 8
2454 17
2454 12
2454 14
2454 11
2454 18
2454 11
2454 15
2454 14
2454 12
2454 17
2454 10
2454 16
2454 15
2454 12
2454 15
2454 13
2454 12
2454 15
2454 16
2454 11
2454 14
2454 12
2454 10
2454 13
2454 14
2454 14
2454 16
2454 13
2454 10
2454 11
2454 17
2454 12
2454 14
2454 16
2454 15
2454 9
2454 16
2454 15
2454 14
2454 14
2454 16
2454 10
2454 15
2454 13
2454 12
2454 14
2454 15
2454 10
2454 12
2454 14
2454 13
2454 11
2454 16
2454 13
2454 11
2454 15
